44144444 ωι

’ 44 3444444 44144444144 44444· 41, p 8148 8 44444484 44444444 444-
814.1’.“.1’.“.“18114ἲ”1’4141ζί 11.“.’·11.4.1,’313.181181ῗ“88
V 444,4444444444 44 444-44144444, 44 44444444 1114341 18 4444444
ι 41414444444144144444444444· 444 44444414 4414444444 4 w. 344,
444444444 ι) 1444444444444· 384 ,4118414818 444448Ι 444·
444 44 444444 41144444. wo· 4444884 44444444 44414 4444444444
1111 181114 1444411, ⁸ 41 111811314811441841184
11441441. 44144444 441.4.·,.ι··444.44··.ι·4.4444
1:33'1{÷·2·V·p.·2‘2⁶3¹f3‘23¹·2103 14ξ.“.“44.’·ἷ4·.4·.·1.41.413.4
1....’4 4111144111· 4411- 4111141118 ’8111811341
444 ’444-..1 14448141 14141141 444 1141
Ι . , ¹ ιι 4 44444

,.
1444411141 1418114814 ’1113 11111· 1411443818.

. 44 1 8

444444 44444 4444444444 44444444 44 4444· 44414 444 4444ιι4444484ἳ441444.
4444444 formamque ef. 8 4. 444444 444 4041. 4441444444 444144144 4 4444444

444441444444444414444 44 44444444441 444 4844444444 84444414 44 44448444, ·

83, p. 8333. 44144444 444 ιιι 44444· mgnum 4444444444 44444144 18. ι. 4.
44444143. 4483433. - · 4 4444444 414144 4414444144 441444 444844 444444·
4444 418414 444144444 44 444444 444· 444444444 44 4144444444 44444ιί44 44
444444 444 1 4844. 88818. ,44444444 4444444. 4444444 ,444444444144441 84844
4444 4444444 4444444444 4414444444 ι 444 4144444 munga-ute 44 44444444· 4444·
444444414444444141, p. 8843 4441444444, 44 444444 84844 444444 14444444
ιιι 444 44444444 ,44 oon-aquenum 44· 44 4444444 44444444 44 4144144444 44444·
8111184181ιιῖἋιῖξιιῗῖἶῖῘῗῖι 22 lvgesstuvolllhffite. 481844 4444441444
441 ,4.8188. - ,44 14444144 4444444444. 414144144 44444414 444
44444444414444444444444444444. 444444144 44 444444 n 18, 4. 4134
ιι) 14144444 441444444444444144 4444444 4444444444 44 4444441844.
44444444183, p. 833.4; ιιι 444444 83847. 4414444444 444444144 44 4444444
VVMVPVVVV' Vt& 411.1’111“1“4141’.·.1111114“11 ,
144444 penetrat 4444444444 1188 p. 8484444444 4444 44 4444444444184,44
am quod 444444 444444 444 ιι 4444 8448. 44144444 444 444444 444444, 44·

44444444, 444 1444 444, 4444441444 441444 41444 4444441444 44 4444411884. -
uolunta 444 1444444 4444 44444444 44 8384 44144444 444 444444, 44444444 44 ,

4444444444 144 4444 1 88, p. 83184 quod 444444 444444 181, p. ³522 44144·
444448144444 4444444444 18. ι. 7 4444- 444 444 44444 4444444144 441444444 183,
vm... 1111114113 W 411111.. 1134814184 ’11
ffilg. 4144484 4414414414 4484411 mathiu 44844444 11114 44444 tta-lt*

44 4444444444 44 444444 444 4444441 444484444188,44.38,34.-14444444 ¹ ἶ '¹

81, p. 83848. - 84444414 44 fur-⁸ 44 444444 4444 ιιιιι 4444444414 44, p.

4444 44444 4414444444 1 4, 444 m - 1030. - 144444 444 4 4444444444
14444444 44444414 4444444 44444 4444· V 44, p. 4. 43, p. 8888. 44444·
Ι44414 41 44144414 44444 4444 1434. 444 444 44444414 4444444 V 43 44488,
38838. - pp) 848444444414 444444· 33· 444 444444 4444 4444444114 48, p. -
4444 44144444144 44 1444444 4441· 118184 444 44444444444444441444444
. 111114 41· .“1141.“11..“811111111411441’ῗ141”4’”..44“8814
4444444 44 4444414 444444444 44 444· ιι 444444444 83, 44 8184. 44144444
4444 444 44 44 1 43, p. 33819. 44· 444414444444144 444444 4448444444

444144 444 44444 44444144 44 444444 1 4131488433 om 4444414 444· -

 

