1118919 91 (1898198819 999

911891098898999189198998198891998119911919199198·
mh 188988188991918 881 mmm 1889891199999888 8999
88, m 888.

9. 818, 8 8988119989 1181999991889 881.

9881491918. 9999119199 981181. 114, ymon. 181,9. ’
mh. 8111

9. 818 9. 88 899918 18199189,919998 118 11819 8991 9119911998 9. ’

nm 1919 (999 899919 88991189) 1988999919· 898191991
“ 9818819181999811819999119.118,9.188.81. ·
9818 9. 81 998 19198 1119199118889 1918 (89998 9199911 119189199·

· 11998189 881

9881911818989989981991981918988881.
9.180918.899819’91811881199891198.

9881 9. 10 999 119919 19911819. , .

9. 888 91 8. 18 988189 81 1818819118 119991819818199198981.

9. 888 91 8. 188 98981191] ef. 1 88, 9. 81881. 8. 81, 9. 88118 818.

9. 881 8. 18 9981 9918898 81 9119999 999 89199989 99189198, 91
mmmm 899191 Ι

98ω9181988 88119998 881 (11118918 999 8989919181. ·

9. 880 9. 18-18 199. 8881881818, 8. w 189. 89898 8898889181.

9. 888 91 9. 848 19 998 8998898191. 141, 9. 8818.

9. 888 8. 88 989 9811891889 199. 8998189189. ·

9 884 8. 8 998 99188918191898 189. 88818189, 9991 811918811998 99881881.

9. 888 9. 88 199. 8-10 9119191989.

9. 888 9. 84 999 eorum 199. 889 881188 Λ· 89889.

9. 1118 9. 10 199. 8 8918889818· 119. 11181. 9.18 189. 8 9898899198. Pto
9919918 4 818-8 899898 8811-8.

9. 898991. b 8. 8. 81918888 91198 9. 84811.

91181 881. b 9. 9. 89918919118181.818,88 8181111.

8 989 881 8, v. 8 88. nm

9. 401891. b 9981 111110 911. eyn. 99898119.
’ 9. 408 991. 18, 8. 88 1988891 'nummum 9899189811 1, 9. 8818.

9 401 891.1,8.88-·10189.118,9.818,8

9400981. 9, 9. 88 189. 1119. 8881.

9 4109818, 8. 81199. 11,.11

’ 9..188891 188. 8. 988988191989119 191198988919, 1991991981. ¹

, 9. 488 981. 8 8. 44 999 89888988191889 199. 8991191889.
9. 481 981. 1, 9. 88 988 1118189. ll 8.
9. 488 9811 9818 999989 8111811181 1111118011 99199198 891. .
9. 481 881. 1, 8. 81 189. 8888888.
. 9. 488 991. 9, 818999 9889119199889188119.
9. 414 891. 8, 9. 4 811988 989199199. 111 11, 9 1188. ’
9.414981.1,8.8989881881199.8918881 ·
, 9. 448 891. 1, 9. 18 91 1899 999. 189. rm

 

